2 4
11 13
27 29
28 30
20002 20003
20099 20101
20054 20055
20095 20097
20096 20098
20006 20007
20017 20018
20021 20022
20025 20026
20029 20030
20033 20034
20037 20038
20091 20092
20041 20042
20045 20046
20049 20050
20082 20083
20087 20088
20100 20102
40000 40001
40005 40006
40007 40008
40012 40015
40013 40014
40016 40019
40017 40020
40018 40021
40022 40023
40026 40027
40028 40029
40034 40035
40065 40066
40078 40079
40080 40081
40082 40083
40086 40087
50001 50003
50005 50007
50009 50012
50010 50011
50013 50016
50014 50015
50017 50020
50018 50019
50034 50036
50038 50040
50042 50045
50043 50044
50046 50049
50047 50048
50050 50053
50051 50052