2 3
3 4
4 5
5 2

11 12
12 13
13 14
14 11

27 31
28 32
29 31
30 32
31 29
32 30

40022 40025
40025 40023
40023 40024
40024 40022

40065 40068
40068 40066
40066 40067
40067 40065

20002 20005
20005 20003
20003 20004
20004 20002

20100 20102
20102 20101
20101 20099
20099 20100

20054 20057
20057 20055
20055 20056
20056 20054

20096 20098
20098 20097
20097 20095
20095 20096

30003 30000
30004 30001
30005 30002

20006 20009
20009 20007
20007 20008
20008 20006

20017 20020
20020 20018
20018 20019
20019 20017

20021 20024
20024 20022
20022 20023
20023 20021

20025 20028
20028 20026
20026 20027
20027 20025

20029 20032
20032 20030
20030 20031
20031 20029

20033 20036
20036 20034
20034 20035
20035 20033

20037 20040
20040 20038
20038 20039
20039 20037

20091 20094
20094 20092
20092 20093
20093 20091

20041 20044
20044 20042
20042 20043
20043 20041

20045 20048
20048 20046
20046 20047
20047 20045

20049 20052
20052 20050
20050 20051
20051 20049

20082 20085
20085 20083
20083 20084
20084 20082

50001 50002
50002 50003
50003 50004
50004 50001

50005 50006
50006 50007
50007 50008
50008 50005

50009 50010
50010 50011
50011 50012
50012 50009

50013 50014
50014 50015
50015 50016
50016 50013

50017 50018
50018 50019
50019 50020
50020 50017

50034 50035
50035 50036
50036 50037
50037 50034

50038 50039
50039 50040
50040 50041
50041 50038

50042 50043
50043 50044
50044 50045
50045 50042

50046 50047
50047 50048
50048 50049
50049 50046

50050 50051
50051 50052
50052 50053
50053 50050